[184]
[14]
----------
[727]
[327, 442, 670]
----------
[605]
[454, 455]
----------
[1161]
[610, 922, 932]
----------
[23]
[3]
----------
[1007]
[481]
----------
[905]
[705]
----------
[825]
[562]
----------
[258]
[144]
----------
[232]
[14]
----------
[1080]
[986]
----------
[174]
[16, 79, 80, 102]
----------
[672]
[454]
----------
[75]
[5]
----------
[537]
[244]
----------
[1237]
[1085]
----------
[356]
[268]
----------
[799]
[714]
----------
[77]
[2]
----------
[607]
[507, 524]
----------
[239]
[99, 168]
----------
[547]
[364]
----------
[2404]
[2267]
----------
[98]
[19]
----------
[137]
[4]
----------
[367]
[211, 311]
----------
[479]
[308, 466]
----------
[1158]
[1069]
----------
[923]
[843]
----------
[154]
[20, 133]
----------
[623]
[554]
----------
[192]
[105]
----------
[203]
[133]
----------
[63]
[51]
----------
[257]
[19, 31]
----------
[154]
[28]
----------
[1699]
[18, 193, 547]
----------
[148]
[19, 33]
----------
[684]
[295]
----------
[142]
[33]
----------
[189]
[12, 34, 51, 92, 120]
----------
[352]
[74]
----------
[167]
[134]
----------
[344]
[159]
----------
[481]
[399, 416]
----------
[305]
[124, 271, 291]
----------
[270]
[186, 203, 220]
----------
[178]
[5]
----------
